   3.2680000e+01
   3.2680000e+01
   3.2680000e+01
   3.2680000e+01
   3.2680000e+01
   3.2680000e+01
   3.2680000e+01
   3.2680000e+01
   3.2680000e+01
   3.2680000e+01
   3.2680000e+01
   3.2680000e+01
   3.2680000e+01
   3.2680000e+01
   3.2680000e+01
   3.2680000e+01
   3.2680000e+01
   3.2750000e+01
   3.2810000e+01
   3.2810000e+01
   3.2870000e+01
   3.2870000e+01
   3.2870000e+01
   3.2930000e+01
   3.2930000e+01
   3.3000000e+01
   3.3000000e+01
   3.3000000e+01
   3.3060000e+01
   3.3120000e+01
   3.3120000e+01
   3.3120000e+01
   3.3180000e+01
   3.3180000e+01
   3.3250000e+01
   3.3250000e+01
   3.3310000e+01
   3.3370000e+01
   3.3430000e+01
   3.3430000e+01
   3.3430000e+01
   3.3500000e+01
   3.3560000e+01
   3.3560000e+01
   3.3620000e+01
   3.3680000e+01
   3.3680000e+01
   3.3750000e+01
   3.3750000e+01
   3.3810000e+01
   3.3750000e+01
   3.3750000e+01
   3.3810000e+01
   3.3810000e+01
   3.3810000e+01
   3.3810000e+01
   3.3870000e+01
   3.3870000e+01
   3.3870000e+01
   3.3870000e+01
   3.3930000e+01
   3.3930000e+01
   3.3930000e+01
   3.4000000e+01
   3.4060000e+01
   3.4060000e+01
   3.4120000e+01
   3.4180000e+01
   3.4180000e+01
   3.4250000e+01
   3.4250000e+01
   3.4310000e+01
   3.4310000e+01
   3.4310000e+01
   3.4370000e+01
   3.4430000e+01
   3.4430000e+01
   3.4430000e+01
   3.4500000e+01
   3.4500000e+01
   3.4500000e+01
   3.4560000e+01
   3.4560000e+01
   3.4560000e+01
   3.4560000e+01
   3.4560000e+01
   3.4620000e+01
   3.4620000e+01
   3.4620000e+01
   3.4620000e+01
   3.4620000e+01
   3.4680000e+01
   3.4680000e+01
   3.4680000e+01
   3.4680000e+01
   3.4750000e+01
   3.4750000e+01
   3.4810000e+01
   3.4810000e+01
   3.4870000e+01
   3.4870000e+01
   3.4870000e+01
   3.4930000e+01
   3.4930000e+01
   3.4930000e+01
   3.5000000e+01
   3.5000000e+01
   3.5000000e+01
   3.5000000e+01
   3.5060000e+01
   3.5000000e+01
   3.5060000e+01
   3.5060000e+01
   3.5060000e+01
   3.5060000e+01
   3.5060000e+01
   3.5120000e+01
   3.5120000e+01
   3.5120000e+01
   3.5120000e+01
   3.5180000e+01
   3.5180000e+01
   3.5180000e+01
   3.5180000e+01
   3.5180000e+01
   3.5250000e+01
   3.5180000e+01
   3.5250000e+01
   3.5250000e+01
   3.5250000e+01
   3.5250000e+01
   3.5250000e+01
   3.5250000e+01
   3.5250000e+01
   3.5250000e+01
   3.5310000e+01
   3.5310000e+01
   3.5310000e+01
   3.5310000e+01
   3.5310000e+01
   3.5370000e+01
   3.5370000e+01
   3.5370000e+01
   3.5370000e+01
   3.5370000e+01
   3.5370000e+01
   3.5430000e+01
   3.5370000e+01
   3.5430000e+01
   3.5370000e+01
   3.5370000e+01
   3.5370000e+01
   3.5370000e+01
   3.5370000e+01
   3.5370000e+01
   3.5370000e+01
   3.5370000e+01
   3.5370000e+01
   3.5370000e+01
   3.5370000e+01
   3.5370000e+01
   3.5370000e+01
   3.5430000e+01
   3.5430000e+01
   3.5430000e+01
   3.5430000e+01
   3.5430000e+01
   3.5430000e+01
   3.5430000e+01
   3.5430000e+01
   3.5430000e+01
   3.5430000e+01
   3.5430000e+01
   3.5430000e+01
   3.5500000e+01
   3.5500000e+01
   3.5500000e+01
   3.5500000e+01
   3.5500000e+01
   3.5560000e+01
   3.5560000e+01
   3.5560000e+01
   3.5560000e+01
   3.5560000e+01
   3.5560000e+01
   3.5560000e+01
   3.5560000e+01
   3.5560000e+01
   3.5560000e+01
   3.5560000e+01
   3.5560000e+01
   3.5560000e+01
   3.5560000e+01
   3.5500000e+01
   3.5500000e+01
   3.5560000e+01
   3.5560000e+01
   3.5560000e+01
   3.5560000e+01
   3.5620000e+01
   3.5620000e+01
   3.5620000e+01
   3.5620000e+01
   3.5620000e+01
   3.5620000e+01
   3.5560000e+01
   3.5560000e+01
   3.5560000e+01
   3.5560000e+01
   3.5620000e+01
   3.5620000e+01
   3.5620000e+01
   3.5620000e+01
   3.5620000e+01
   3.5620000e+01
   3.5680000e+01
   3.5680000e+01
   3.5680000e+01
   3.5680000e+01
   3.5680000e+01
   3.5680000e+01
   3.5680000e+01
   3.5680000e+01
   3.5680000e+01
   3.5680000e+01
   3.5750000e+01
   3.5750000e+01
   3.5750000e+01
   3.5750000e+01
   3.5750000e+01
   3.5750000e+01
   3.5750000e+01
   3.5810000e+01
   3.5810000e+01
   3.5810000e+01
   3.5810000e+01
   3.5810000e+01
   3.5810000e+01
   3.5810000e+01
   3.5870000e+01
   3.5870000e+01
   3.5870000e+01
   3.5870000e+01
   3.5870000e+01
   3.5930000e+01
   3.5930000e+01
   3.5930000e+01
   3.5930000e+01
   3.5930000e+01
   3.5930000e+01
   3.5930000e+01
   3.6000000e+01
   3.6000000e+01
   3.6000000e+01
   3.5930000e+01
   3.6000000e+01
   3.6000000e+01
   3.6000000e+01
   3.6000000e+01
   3.5930000e+01
   3.6000000e+01
   3.6000000e+01
   3.6000000e+01
   3.6000000e+01
   3.6000000e+01
   3.6000000e+01
   3.6000000e+01
   3.6000000e+01
   3.6000000e+01
   3.6060000e+01
   3.6060000e+01
   3.6060000e+01
   3.6060000e+01
   3.6060000e+01
   3.6120000e+01
   3.6120000e+01
   3.6120000e+01
   3.6120000e+01
   3.6120000e+01
   3.6120000e+01
   3.6120000e+01
   3.6120000e+01
   3.6120000e+01
   3.6120000e+01
   3.6120000e+01
   3.6120000e+01
   3.6120000e+01
   3.6120000e+01
   3.6120000e+01
   3.6120000e+01
   3.6120000e+01
   3.6120000e+01
   3.6120000e+01
   3.6060000e+01
   3.6060000e+01
   3.6120000e+01
   3.6120000e+01
   3.6120000e+01
   3.6120000e+01
   3.6120000e+01
   3.6120000e+01
   3.6120000e+01
   3.6120000e+01
   3.6120000e+01
   3.6120000e+01
   3.6120000e+01
   3.6120000e+01
   3.6120000e+01
   3.6120000e+01
   3.6120000e+01
   3.6060000e+01
   3.6060000e+01
   3.6060000e+01
   3.6060000e+01
   3.6060000e+01
   3.6060000e+01
   3.6060000e+01
   3.6060000e+01
   3.6000000e+01
   3.6000000e+01
   3.6000000e+01
   3.6000000e+01
   3.6000000e+01
   3.6000000e+01
   3.6060000e+01
   3.6000000e+01
   3.6000000e+01
   3.6000000e+01
   3.6000000e+01
   3.6000000e+01
   3.6000000e+01
   3.6060000e+01
   3.6000000e+01
   3.6000000e+01
   3.6000000e+01
   3.6000000e+01
   3.6060000e+01
   3.6060000e+01
   3.6060000e+01
   3.6060000e+01
   3.6120000e+01
   3.6120000e+01
   3.6120000e+01
   3.6120000e+01
   3.6180000e+01
   3.6180000e+01
   3.6180000e+01
   3.6180000e+01
   3.6180000e+01
   3.6180000e+01
   3.6180000e+01
   3.6180000e+01
   3.6180000e+01
   3.6180000e+01
   3.6180000e+01
   3.6180000e+01
   3.6180000e+01
   3.6180000e+01
   3.6180000e+01
   3.6180000e+01
   3.6180000e+01
   3.6180000e+01
   3.6180000e+01
   3.6180000e+01
   3.6180000e+01
   3.6180000e+01
   3.6180000e+01
   3.6180000e+01
   3.6180000e+01
   3.6180000e+01
   3.6180000e+01
   3.6180000e+01
   3.6180000e+01
   3.6180000e+01
   3.6180000e+01
   3.6250000e+01
   3.6180000e+01
   3.6250000e+01
   3.6250000e+01
   3.6250000e+01
   3.6250000e+01
   3.6250000e+01
   3.6250000e+01
   3.6250000e+01
   3.6250000e+01
   3.6250000e+01
   3.6250000e+01
   3.6250000e+01
   3.6250000e+01
   3.6250000e+01
   3.6250000e+01
   3.6250000e+01
   3.6250000e+01
   3.6180000e+01
   3.6250000e+01
   3.6180000e+01
   3.6180000e+01
   3.6250000e+01
   3.6250000e+01
   3.6250000e+01
   3.6250000e+01
   3.6250000e+01
   3.6250000e+01
   3.6250000e+01
   3.6250000e+01
   3.6250000e+01
   3.6250000e+01
   3.6250000e+01
   3.6250000e+01
   3.6250000e+01
   3.6250000e+01
   3.6180000e+01
   3.6180000e+01
   3.6180000e+01
   3.6180000e+01
   3.6180000e+01
   3.6180000e+01
   3.6180000e+01
   3.6180000e+01
   3.6180000e+01
   3.6250000e+01
   3.6250000e+01
   3.6250000e+01
   3.6310000e+01
   3.6250000e+01
   3.6310000e+01
   3.6310000e+01
   3.6250000e+01
   3.6250000e+01
   3.6250000e+01
   3.6250000e+01
   3.6250000e+01
   3.6250000e+01
   3.6250000e+01
   3.6250000e+01
   3.6250000e+01
   3.6310000e+01
   3.6310000e+01
   3.6310000e+01
   3.6310000e+01
   3.6310000e+01
   3.6310000e+01
   3.6310000e+01
   3.6310000e+01
   3.6310000e+01
   3.6250000e+01
   3.6250000e+01
   3.6250000e+01
   3.6250000e+01
   3.6250000e+01
   3.6250000e+01
   3.6250000e+01
   3.6310000e+01
   3.6310000e+01
   3.6310000e+01
   3.6310000e+01
   3.6310000e+01
   3.6310000e+01
   3.6310000e+01
   3.6310000e+01
   3.6370000e+01
   3.6370000e+01
   3.6310000e+01
   3.6310000e+01
   3.6310000e+01
   3.6310000e+01
   3.6310000e+01
   3.6310000e+01
   3.6310000e+01
   3.6310000e+01
   3.6310000e+01
   3.6310000e+01
   3.6310000e+01
   3.6310000e+01
   3.6310000e+01
   3.6310000e+01
   3.6310000e+01
   3.6310000e+01
   3.6310000e+01
   3.6310000e+01
   3.6310000e+01
   3.6310000e+01
   3.6310000e+01
   3.6310000e+01
   3.6310000e+01
   3.6310000e+01
   3.6310000e+01
   3.6310000e+01
   3.6310000e+01
   3.6310000e+01
   3.6310000e+01
   3.6310000e+01
   3.6310000e+01
   3.6310000e+01
   3.6370000e+01
   3.6370000e+01
   3.6370000e+01
   3.6370000e+01
   3.6370000e+01
   3.6370000e+01
   3.6370000e+01
   3.6370000e+01
   3.6370000e+01
   3.6370000e+01
   3.6370000e+01
   3.6370000e+01
   3.6370000e+01
   3.6370000e+01
   3.6370000e+01
   3.6370000e+01
   3.6430000e+01
   3.6370000e+01
   3.6370000e+01
   3.6370000e+01
   3.6370000e+01
   3.6370000e+01
   3.6370000e+01
   3.6370000e+01
   3.6370000e+01
   3.6430000e+01
   3.6430000e+01
   3.6430000e+01
   3.6430000e+01
   3.6430000e+01
   3.6430000e+01
   3.6430000e+01
   3.6430000e+01
   3.6430000e+01
   3.6430000e+01
   3.6500000e+01
   3.6430000e+01
   3.6430000e+01
   3.6430000e+01
   3.6430000e+01
   3.6430000e+01
   3.6430000e+01
   3.6430000e+01
   3.6370000e+01
   3.6430000e+01
   3.6370000e+01
   3.6430000e+01
   3.6370000e+01
   3.6370000e+01
   3.6430000e+01
   3.6430000e+01
   3.6430000e+01
   3.6430000e+01
   3.6430000e+01
   3.6370000e+01
   3.6370000e+01
   3.6370000e+01
   3.6370000e+01
   3.6370000e+01
   3.6370000e+01
   3.6370000e+01
   3.6370000e+01
   3.6370000e+01
   3.6370000e+01
   3.6370000e+01
   3.6370000e+01
   3.6370000e+01
   3.6370000e+01
   3.6430000e+01
   3.6430000e+01
   3.6370000e+01
   3.6430000e+01
   3.6430000e+01
   3.6430000e+01
   3.6430000e+01
   3.6430000e+01
   3.6430000e+01
   3.6500000e+01
   3.6500000e+01
   3.6560000e+01
   3.6560000e+01
   3.6560000e+01
   3.6560000e+01
   3.6560000e+01
   3.6560000e+01
   3.6560000e+01
   3.6560000e+01
   3.6560000e+01
   3.6560000e+01
   3.6560000e+01
   3.6620000e+01
   3.6620000e+01
   3.6560000e+01
   3.6620000e+01
   3.6620000e+01
   3.6620000e+01
   3.6620000e+01
   3.6560000e+01
   3.6560000e+01
   3.6560000e+01
   3.6560000e+01
   3.6560000e+01
   3.6500000e+01
   3.6500000e+01
   3.6500000e+01
   3.6500000e+01
   3.6500000e+01
   3.6500000e+01
   3.6560000e+01
   3.6560000e+01
   3.6560000e+01
   3.6620000e+01
   3.6620000e+01
   3.6620000e+01
   3.6620000e+01
   3.6620000e+01
   3.6620000e+01
   3.6620000e+01
   3.6680000e+01
   3.6620000e+01
   3.6620000e+01
   3.6620000e+01
   3.6620000e+01
   3.6560000e+01
   3.6560000e+01
   3.6560000e+01
   3.6560000e+01
   3.6500000e+01
   3.6500000e+01
   3.6500000e+01
   3.6500000e+01
   3.6500000e+01
   3.6500000e+01
   3.6500000e+01
   3.6500000e+01
   3.6500000e+01
   3.6500000e+01
   3.6560000e+01
   3.6560000e+01
   3.6560000e+01
   3.6560000e+01
   3.6560000e+01
   3.6500000e+01
   3.6500000e+01
   3.6500000e+01
   3.6500000e+01
   3.6500000e+01
   3.6500000e+01
   3.6500000e+01
   3.6500000e+01
   3.6430000e+01
   3.6500000e+01
   3.6430000e+01
   3.6430000e+01
   3.6430000e+01
   3.6430000e+01
   3.6430000e+01
   3.6430000e+01
   3.6430000e+01
   3.6430000e+01
   3.6430000e+01
   3.6430000e+01
   3.6430000e+01
   3.6430000e+01
   3.6430000e+01
   3.6430000e+01
   3.6430000e+01
   3.6430000e+01
   3.6430000e+01
   3.6430000e+01
   3.6430000e+01
   3.6500000e+01
   3.6500000e+01
   3.6430000e+01
   3.6500000e+01
   3.6430000e+01
   3.6500000e+01
   3.6500000e+01
   3.6500000e+01
   3.6500000e+01
   3.6500000e+01
   3.6500000e+01
   3.6500000e+01
   3.6500000e+01
   3.6500000e+01
   3.6500000e+01
   3.6560000e+01
   3.6500000e+01
   3.6560000e+01
   3.6560000e+01
   3.6560000e+01
   3.6560000e+01
   3.6560000e+01
   3.6560000e+01
   3.6560000e+01
   3.6560000e+01
   3.6500000e+01
   3.6500000e+01
   3.6500000e+01
   3.6500000e+01
   3.6500000e+01
   3.6500000e+01
   3.6500000e+01
   3.6560000e+01
   3.6500000e+01
   3.6560000e+01
   3.6500000e+01
   3.6500000e+01
   3.6500000e+01
   3.6500000e+01
   3.6500000e+01
   3.6500000e+01
   3.6500000e+01
   3.6500000e+01
   3.6500000e+01
   3.6500000e+01
   3.6500000e+01
   3.6500000e+01
   3.6500000e+01
   3.6500000e+01
   3.6430000e+01
   3.6500000e+01
   3.6500000e+01
   3.6430000e+01
   3.6430000e+01
   3.6430000e+01
   3.6430000e+01
   3.6430000e+01
   3.6430000e+01
   3.6430000e+01
   3.6430000e+01
   3.6430000e+01
   3.6430000e+01
   3.6430000e+01
   3.6430000e+01
   3.6430000e+01
   3.6430000e+01
   3.6430000e+01
   3.6430000e+01
   3.6430000e+01
   3.6430000e+01
   3.6430000e+01
   3.6430000e+01
   3.6430000e+01
   3.6430000e+01
   3.6430000e+01
   3.6430000e+01
   3.6430000e+01
   3.6430000e+01
   3.6430000e+01
   3.6430000e+01
   3.6430000e+01
   3.6430000e+01
   3.6430000e+01
   3.6430000e+01
   3.6430000e+01
   3.6430000e+01
   3.6430000e+01
   3.6430000e+01
   3.6430000e+01
   3.6430000e+01
   3.6500000e+01
   3.6500000e+01
   3.6430000e+01
   3.6500000e+01
   3.6500000e+01
   3.6500000e+01
   3.6500000e+01
   3.6500000e+01
   3.6500000e+01
   3.6500000e+01
   3.6500000e+01
   3.6500000e+01
   3.6500000e+01
   3.6500000e+01
   3.6560000e+01
   3.6560000e+01
   3.6560000e+01
   3.6560000e+01
   3.6560000e+01
   3.6560000e+01
   3.6560000e+01
   3.6560000e+01
